Местоположение начала участка, м	Местоположение конца участка, м	Расстояние видимости в профиле, м	Расстояние видимости в плане, м	Код причины ограничения видимости в плане
0.0	50.0	750	100	2
50.0	100.0	750	100	2
100.0	150.0	750	100	2
150.0	200.0	750	100	2
200.0	250.0	750	100	2
250.0	300.0	750	100	2
300.0	350.0	750	100	2
350.0	400.0	750	100	2
400.0	450.0	750	100	2
450.0	500.0	750	100	2
500.0	550.0	750	100	2
550.0	600.0	750	100	2
600.0	650.0	750	100	2
650.0	700.0	750	100	2
700.0	750.0	750	100	2
750.0	800.0	750	100	2
800.0	850.0	750	300	2
850.0	900.0	750	300	2
900.0	950.0	750	300	2
950.0	1000.0	750	300	2
1000.0	1050.0	750	300	2
1050.0	1100.0	750	300	2
1100.0	1150.0	750	300	2
1150.0	1200.0	750	300	2
1200.0	1250.0	750	300	2
1250.0	1300.0	750	300	2
1300.0	1350.0	750	300	2
1350.0	1400.0	750	300	2
1400.0	1450.0	750	300	2
1450.0	1500.0	750	300	2
1500.0	1550.0	750	300	2
1550.0	1600.0	750	300	2
1600.0	1650.0	750	300	2
1650.0	1700.0	750	300	2
1700.0	1750.0	750	300	2
1750.0	1800.0	750	300	2
1800.0	1850.0	750	300	2
1850.0	1900.0	750	300	2
1900.0	1950.0	750	300	2
1950.0	2000.0	750	300	2
2000.0	2050.0	750	400	4
2050.0	2100.0	750	400	4
2100.0	2150.0	750	400	4
2150.0	2200.0	750	400	4
2200.0	2250.0	750	400	4
2250.0	2300.0	750	400	4
2300.0	2350.0	750	400	4
2350.0	2400.0	750	400	4
2400.0	2450.0	750	400	4
2450.0	2500.0	750	400	4
2500.0	2550.0	750	400	4
2550.0	2600.0	750	400	4
2600.0	2650.0	750	100	2
2650.0	2700.0	750	100	2
2700.0	2750.0	750	100	2
2750.0	2800.0	750	100	2
2800.0	2850.0	750	100	2
2850.0	2900.0	750	100	2
2900.0	2950.0	750	100	2
2950.0	3000.0	750	100	2
3000.0	3050.0	750	100	2
3050.0	3100.0	750	100	2
3100.0	3150.0	750	250	2
3150.0	3200.0	750	250	2
3200.0	3250.0	750	250	2
3250.0	3300.0	750	250	2
3300.0	3350.0	750	250	2
3350.0	3400.0	750	250	2
3400.0	3450.0	750	250	2
3450.0	3500.0	750	250	2
3500.0	3550.0	750	250	2
3550.0	3600.0	400	400	3
3600.0	3650.0	400	400	3
3650.0	3700.0	400	400	3
3700.0	3750.0	400	400	3
3750.0	3800.0	400	400	3
3800.0	3850.0	400	400	3
3850.0	3900.0	400	400	3
3900.0	3950.0	400	400	3
3950.0	4000.0	400	400	3
4000.0	4050.0	400	400	3
4050.0	4100.0	400	400	3
4100.0	4150.0	400	400	3
4150.0	4200.0	400	400	3
4200.0	4250.0	400	400	3
4250.0	4300.0	400	400	3
4300.0	4350.0	400	400	3
4350.0	4400.0	400	400	3
4400.0	4450.0	400	400	3
4450.0	4500.0	400	400	3
4500.0	4550.0	400	400	3
4550.0	4600.0	400	400	3
4600.0	4650.0	400	400	3
4650.0	4700.0	400	400	3
4700.0	4750.0	400	400	3
4750.0	4800.0	400	400	3
4800.0	4850.0	400	400	3
4850.0	4900.0	400	400	3
4900.0	4950.0	400	400	3
4950.0	5000.0	400	400	3
5000.0	5050.0	400	400	3
5050.0	5100.0	400	400	3
5100.0	5150.0	400	400	3
5150.0	5200.0	400	400	3
5200.0	5250.0	100	100	3
5250.0	5300.0	100	100	3
5300.0	5350.0	100	100	3
5350.0	5400.0	100	100	3
5400.0	5450.0	100	100	3
5450.0	5500.0	100	100	3
5500.0	5550.0	100	100	3
5550.0	5600.0	100	100	3
5600.0	5650.0	100	100	3
5650.0	5700.0	100	100	3
5700.0	5750.0	750	300	2
5750.0	5800.0	750	300	2
5800.0	5850.0	750	300	2
5850.0	5900.0	750	300	2
5900.0	5950.0	750	300	2
5950.0	6000.0	750	300	2
6000.0	6050.0	750	300	2
6050.0	6100.0	750	300	2
6100.0	6150.0	750	300	2
6150.0	6200.0	750	300	2
6200.0	6250.0	750	300	2
6250.0	6300.0	750	300	2
6300.0	6350.0	750	300	2
6350.0	6400.0	750	300	2
6400.0	6450.0	750	300	2
6450.0	6500.0	750	300	2
6500.0	6550.0	750	300	2
6550.0	6600.0	750	300	2
6600.0	6650.0	750	300	2
6650.0	6700.0	750	100	1
6700.0	6750.0	750	400	4
6750.0	6800.0	750	400	4
6800.0	6850.0	750	400	4
6850.0	6900.0	750	400	4
6900.0	6950.0	750	400	4
6950.0	7000.0	750	400	4
7000.0	7050.0	750	400	4
7050.0	7100.0	750	400	4
7100.0	7150.0	750	400	4
7150.0	7200.0	750	400	4
7200.0	7250.0	750	400	4
7250.0	7300.0	750	400	4
7300.0	7350.0	750	400	4
7350.0	7400.0	750	400	4
7400.0	7450.0	750	400	4
7450.0	7500.0	750	400	4
7500.0	7550.0	750	400	4
7550.0	7600.0	750	400	4
7600.0	7650.0	750	400	4
7650.0	7700.0	750	400	4
7700.0	7750.0	750	400	4
7750.0	7800.0	750	400	4
7800.0	7850.0	750	400	4
7850.0	7900.0	750	400	4
7900.0	7950.0	750	400	4
7950.0	8000.0	750	400	4
8000.0	8050.000000000001	750	100	2
8050.000000000001	8100.0	750	100	2
8100.0	8150.0	750	100	2
8150.0	8200.0	750	100	2
8200.0	8250.0	750	100	2
8250.0	8300.0	750	100	2
8300.0	8350.0	750	400	4
8350.0	8400.0	750	400	4
8400.0	8450.0	750	400	4
8450.0	8500.0	750	400	4
8500.0	8550.0	750	400	4
8550.0	8600.0	750	400	4
8600.0	8650.0	750	400	4
8650.0	8700.0	750	400	4
8700.0	8750.0	750	400	4
8750.0	8800.0	750	400	4
8800.0	8850.0	750	400	4
8850.0	8900.0	750	400	4
8900.0	8950.0	750	400	4
8950.0	9000.0	750	400	4
9000.0	9050.0	750	400	4
9050.0	9100.0	750	400	4
9100.0	9150.0	750	400	4
9150.0	9200.0	750	400	4
9200.0	9250.0	750	400	4
9250.0	9300.0	750	400	4
9300.0	9350.0	750	400	4
9350.0	9400.0	750	400	4
9400.0	9450.0	750	400	4
9450.0	9500.0	750	400	4
9500.0	9550.0	750	400	4
9550.0	9600.0	750	400	4
9600.0	9650.0	750	400	4
9650.0	9700.0	750	400	4
9700.0	9750.0	750	400	4
9750.0	9800.0	750	400	4
9800.0	9850.0	750	400	4
