Код дороги	Местоположение, м	Код расположения	Длина трубы, м	Код материала тела трубы	Расстояние от оси проезжей части до трубы на примыкании, м	Код вида перекрываемого препятствия	Код режима протекания воды	Глубина заложения фундамента, м	Код типа основания	Высота насыпи по профилю, м	Высота насыпи над трубой, м	Средний уклон по лотку, ‰	Объем тела трубы, м3	Код изоляции	Год ввода в эксплуатацию	Год последнего кап. ремонта	Код технического состояния	Заиливание (1-да,0-нет)	Раскрытие швов между звеньями (1-да, 0-нет)	Локальные разрушения укрепл. откоса насыпи (1-да, 0-нет)	Размыв русел водотока (1-да, 0-нет)	Высокая трава и древесно-кустарниковая растительность (1-да, 0-нет)	Локальные повреждения оголовков (1-да, 0-нет)	Иные дефекты (1-да, 0-нет)	Дорожная организация, выполнявшая диагностику	Код типа оголовка	Высота оголовка, м	Ширина оголовка, м	Код материала оголовка	Код укрепления русла 	Код укрепления откосов	Поперечное сечение отверстия	Количество отверстий	Диаметр отверстия, м	Высота отверстия, м	Ширина отверстия, м	Толщина стенки трубы, см	Код технического состояния.1	Широта оголовка трубы	Долгота оголовка трубы	Код очертания отверстия трубы 	Код типа оголовка.1	Высота оголовка, м.1	Ширина оголовка, м.1	Код материала оголовка.1	Код укрепления русла .1	Код укрепления откосов.1	Поперечное сечение отверстия.1	Количество отверстий.1	Диаметр отверстия, м.1	Высота отверстия, м.1	Ширина отверстия, м.1	Толщина стенки трубы, см.1	Код технического состояния.2	Широта оголовка трубы.1	Долгота оголовка трубы.1	Код очертания отверстия трубы .1
38 ОП МЗ 38Н-185	3090	11	15	1	7.5	4	1			1,89	1.05		11.775				1	1	0	0	0	0	0	0		2	1.4	3.3	3	9	9	0.785	1	1.0			7.0	3	51.4122	36.09532	1	2	1.4	3.3	3	9	9	0.785	1	1.0			7.0	3	51.41229	36.09515	1
38 ОП МЗ 38Н-185	4697	11	15	1	7.5	4	3				2.2		0.0				1	1	0	0	0	1	0	0		2	2.5	12.0	3	9	9	0.0	4					3	51.4019	36.07945	1	2	2.5	12.0	3	9	9	0.0	4					3	51.40204	36.07923	1
38 ОП МЗ 38Н-185	7107	11	15	1	7.5	4	2			1.63	0.65		11.775				1	1	0	0	1	0	0	0		2	1.5	4.0	3	9	9	0.785	1	1.0			11.0	2	51.38374	36.06161	1	2	1.5	4.0	3	9	9	0.785	1	1.0			11.0	2	51.38387	36.06146	1
38 ОП МЗ 38Н-185	8595	12	10	1	5.0	4	1			1.25	0.9		5.024000000000001				1	1	0	0	0	1	0	0		2			3	9	9	0.5024000000000001	1	0.8			6.0	3	51.37678	36.04363	1	2			3	9	9	0.5024000000000001	1	0.8			6.0	3	51.37678	36.0435	1
38 ОП МЗ 38Н-185	9055	11	15	1	7.5	4	1			2	0.75		16.956				1	1	0	0	0	0	0	0		2	1.7	5.0	3	9	9	1.1304	2	1.2			8.0	2	51.37835	36.03731	1	2	1.7	5.0	3	9	9	1.1304	2	1.2			8.0	2	51.37851	36.03741	1
38 ОП МЗ 38Н-185	9544	13	5	1	2.5	4	1			0.72	0.25		1.92325				1	1	0	0	0	0	0	0		5			3	9	9	0.38465	1	0.7			6.0	3	51.37881	36.03106	1	5			3	9	9	0.38465	1	0.7			6.0	3	51.37877	36.03099	1
38 ОП МЗ 38Н-185	9779	13	15	1	7.5	4	1			0.8	0.54		2.94375				1	1	0	0	0	0	0	0		1	1.0	1.5	3	9	9	0.19625	1	0.5				1	51.3775	36.02846	1	1	1.0	1.5	3	9	9	0.19625	1	0.5				1	51.37744	36.02833	1
38 ОП МЗ 38Н-185	10203	13	10	2	5.0	4	1			0.6	0.15		1.9625000000000001				1	1	0	0	0	0	0	0		5			3	9	9	0.19625	1	0.5			0.6	1	51.37612	36.0231	1	5			3	9	9	0.19625	1	0.5			0.6	1	51.37614	36.02296	1
38 ОП МЗ 38Н-185	10229	13	10	1	5.0	4	1			1.1	0.1		7.8500000000000005				1	1	0	0	0	0	0	0		5			3	9	9	0.785	1	1.0			7.0	2	51.37587	36.02264	1	5			3	9	9	0.785	1	1.0			7.0	2	51.37611	36.02265	1
38 ОП МЗ 38Н-185	11585	11	20	1	10.0	4	2				3.0		22.608				1	1	0	0	0	0	0	0		2	2.5	10.0	3	9	9	1.1304	3	1.2			9.0	1	51.36927	36.00736	1	2	2.5	10.0	3	9	9	1.1304	3	1.2			9.0	1	51.36933	36.00723	1
38 ОП МЗ 38Н-185	11660	11	10	1	5.0	4	1			1.7	0.47		11.304				1	1	0	0	0	0	0	0		5			3	9	9	1.1304	1	1.2			8.0	1	51.36876	36.0067	1	5			3	9	9	1.1304	1	1.2			8.0	1	51.36869	36.00666	1
38 ОП МЗ 38Н-185	13095	11	20	1	10.0	4	2				2.5		15.700000000000001				1	1	0	0	0	0	0	0		1		4.0	3	9	9	0.785	3	1.0			8.0	1	51.35685	35.99877	1	1		4.0	3	9	9	0.785	3	1.0			8.0	1	51.357	35.99884	1
38 ОП МЗ 38Н-185	17066	12	20	1	10.0	4	1			2.45	1.7		15.700000000000001				1	1	0	0	0	0	0	0		5			3	9	9	0.785	1	1.0			7.0	2	51.37272	35.95383	1	5			3	9	9	0.785	1	1.0			7.0	2	51.37257	35.95385	1
38 ОП МЗ 38Н-185	17567	11	15	1	7.5	4	1			1.3	0.8		2.94375				1	1	0	0	0	0	0	0		1	1.1	1.8	3	9	9	0.19625	1	0.5				2	51.37193	35.94682	1	1	1.1	1.8	3	9	9	0.19625	1	0.5				2	51.37191	35.94664	1
38 ОП МЗ 38Н-185	18312	11	15	1	7.5	4	1			2.08	1.05		11.775				1	1	0	0	0	0	0	0		2	1.7	5.0	3	9	9	0.785	2	1.0			10.0	2	51.37218	35.93612	1	2	1.7	6.0	3	9	9	0.785	2	1.0			10.0	2	51.3722	35.93597	1
38 ОП МЗ 38Н-185	18314	12	10	1	5.0	4	1			1.43	0.7		5.024000000000001				1	1	0	0	0	0	0	0		1	1.43	0.7	3	9	9	0.5024000000000001	1	0.8			8.0	1	51.37201	35.93607	1	1			3	9	9	0.5024000000000001	1	0.8			8.0	1	51.372	35.93591	1
38 ОП МЗ 38Н-185	19691	13	10	1	5.0	4	1			0.88	0.45		1.9625000000000001				1	1	0	0	0	0	0	0		1		1.4	3	9	9	0.19625	1	0.5			7.0	3	51.37665	35.91916	1	1			3	9	9	0.19625	1	0.5			7.0	3	51.37674	35.91934	1
38 ОП МЗ 38Н-185	21392	12	10	1	5.0	4	1			1.38	1.36		1.9625000000000001				1	1	0	0	0	0	0	0		1			3	9	9	0.19625	1	0.5			7.0	3	51.37682	35.6993	1	1	1.1	1.6	3	9	9	0.19625	1	0.5			7.0	3	51.37672	35.89917	1
38 ОП МЗ 38Н-185	23183	11	15	1	7.5	4	1			1.17	0.74		11.775				1	1	0	0	0	0	0	0		2		3.2	3	9	9	0.785	1	1.0			8.0	3	51.36899	35.87685	1	2		3.2	3	9	9	0.785	1	1.0			8.0	3	51.36896	35.87672	1
38 ОП МЗ 38Н-185	25381	12	10	1	5.0	4	2				1.6		7.8500000000000005				1	1	0	0	0	0	0	0		2	1.5	3.0	3	9	9	0.785	1	1.0			10.0	2	51.36823	35.84784	1	2			3	9	9	0.785	1	1.0			10.0	2	51.36835	35.84794	1
38 ОП МЗ 38Н-185	21831	12	10	1	5.0	4	1			1.05	0.3		7.8500000000000005				1	1	0	0	0	0	0	0		1	1.3	2.0	3	9	9	0.785	1	1.0			10.0	3	51.37459	35.89402	1	1	1.3	2.0	3	9	9	0.785	1	1.0			10.0	3	51.37457	35.89384	1
