Местоположение начала участка, м	Местоположение конца участка, м	Расстояние видимости в профиле, м	Расстояние видимости в плане, м	Код причины ограничения видимости в плане
0.0	50.0	750	150	1
50.0	100.0	750	150	1
100.0	150.0	750	150	1
150.0	200.0	750	150	1
200.0	250.0	750	150	1
250.0	300.0	750	150	1
300.0	350.0	750	150	1
350.0	400.0	750	150	1
400.0	450.0	750	150	1
450.0	500.0	750	150	1
500.0	550.0	750	150	1
550.0	600.0	750	150	1
600.0	650.0	750	150	1
650.0	700.0	750	150	1
700.0	750.0	750	150	1
750.0	800.0	750	150	1
800.0	850.0	750	150	1
850.0	900.0	750	150	1
900.0	950.0	750	150	1
950.0	1000.0	750	150	1
1000.0	1050.0	750	150	1
1050.0	1100.0	750	150	1
1100.0	1150.0	750	150	1
1150.0	1200.0	750	150	1
1200.0	1250.0	750	150	1
1250.0	1300.0	750	150	1
1300.0	1350.0	750	150	1
1350.0	1400.0	750	150	1
1400.0	1450.0	750	150	1
1450.0	1500.0	750	150	1
1500.0	1550.0	750	150	1
1550.0	1600.0	750	150	1
1600.0	1650.0	750	150	1
1650.0	1700.0	750	150	1
1700.0	1750.0	750	150	1
1750.0	1800.0	750	150	1
1800.0	1850.0	750	150	1
1850.0	1900.0	750	150	1
1900.0	1950.0	750	150	1
1950.0	2000.0	750	150	1
2000.0	2050.0	750	150	1
2050.0	2100.0	750	150	1
2100.0	2150.0	750	150	1
2150.0	2200.0	750	150	1
2200.0	2250.0	750	150	1
2250.0	2300.0	750	150	1
2300.0	2350.0	750	150	1
2350.0	2400.0	750	150	1
2400.0	2450.0	750	150	1
2450.0	2500.0	750	150	1
2500.0	2550.0	750	400	4
2550.0	2600.0	750	400	4
2600.0	2650.0	750	400	4
2650.0	2700.0	750	400	4
2700.0	2750.0	750	400	4
2750.0	2800.0	750	400	4
2800.0	2850.0	750	400	4
2850.0	2900.0	750	400	4
2900.0	2950.0	750	400	4
2950.0	3000.0	750	400	4
3000.0	3050.0	750	400	4
3050.0	3100.0	750	400	4
3100.0	3150.0	750	400	4
3150.0	3200.0	750	400	4
3200.0	3250.0	750	400	4
3250.0	3300.0	750	400	4
3300.0	3350.0	750	400	4
3350.0	3400.0	750	400	4
3400.0	3450.0	750	400	4
3450.0	3500.0	750	400	4
3500.0	3550.0	750	400	4
3550.0	3600.0	750	400	4
3600.0	3650.0	750	400	4
3650.0	3700.0	750	400	4
3700.0	3750.0	750	400	4
3750.0	3800.0	750	400	4
3800.0	3850.0	750	400	4
3850.0	3900.0	750	400	4
3900.0	3950.0	750	400	4
3950.0	4000.0	750	400	4
4000.0	4050.0	750	400	4
4050.0	4100.0	750	400	4
4100.0	4150.0	750	400	4
4150.0	4200.0	750	400	4
4200.0	4250.0	750	400	4
4250.0	4300.0	750	400	4
4300.0	4350.0	750	400	4
4350.0	4400.0	750	400	4
4400.0	4450.0	750	400	4
4450.0	4500.0	750	400	4
4500.0	4550.0	750	400	4
4550.0	4600.0	750	400	4
4600.0	4650.0	750	400	4
4650.0	4700.0	750	400	4
4700.0	4750.0	750	400	4
4750.0	4800.0	750	400	4
4800.0	4850.0	750	400	4
4850.0	4900.0	750	400	4
4900.0	4950.0	750	400	4
4950.0	5000.0	750	400	4
5000.0	5050.0	750	400	4
5050.0	5100.0	750	400	4
5100.0	5150.0	750	400	4
5150.0	5200.0	750	400	4
5200.0	5250.0	750	400	4
5250.0	5300.0	750	400	4
5300.0	5350.0	750	400	4
5350.0	5400.0	750	400	4
5400.0	5450.0	750	400	4
5450.0	5500.0	750	400	4
5500.0	5550.0	750	400	4
5550.0	5600.0	750	400	4
5600.0	5650.0	750	400	4
5650.0	5700.0	750	400	4
5700.0	5750.0	750	400	4
5750.0	5800.0	750	400	4
5800.0	5850.0	750	400	4
5850.0	5900.0	750	400	4
5900.0	5950.0	750	400	4
5950.0	6000.0	750	400	4
6000.0	6050.0	750	400	4
6050.0	6100.0	750	400	4
6100.0	6150.0	750	400	4
6150.0	6200.0	750	400	4
6200.0	6250.0	750	400	4
6250.0	6300.0	750	400	4
6300.0	6350.0	750	400	4
6350.0	6400.0	750	400	4
6400.0	6450.0	750	400	4
6450.0	6500.0	750	400	4
6500.0	6550.0	750	400	4
6550.0	6600.0	750	400	4
6600.0	6650.0	750	400	4
6650.0	6700.0	750	400	4
6700.0	6750.0	750	400	4
6750.0	6800.0	750	400	4
6800.0	6850.0	750	400	4
6850.0	6900.0	750	400	4
6900.0	6950.0	750	400	4
6950.0	7000.0	750	400	4
7000.0	7050.0	750	400	4
7050.0	7100.0	750	400	4
7100.0	7150.0	750	400	4
7150.0	7200.0	750	400	4
7200.0	7250.0	750	400	4
7250.0	7300.0	750	400	4
7300.0	7350.0	750	400	4
7350.0	7400.0	750	400	4
7400.0	7450.0	750	400	4
7450.0	7500.0	750	400	4
7500.0	7550.0	750	400	4
7550.0	7600.0	750	400	4
7600.0	7650.0	750	400	4
7650.0	7700.0	750	400	4
7700.0	7750.0	750	400	4
7750.0	7800.0	750	400	4
7800.0	7850.0	750	400	4
7850.0	7900.0	750	400	4
7900.0	7950.0	750	400	4
7950.0	8000.0	750	400	4
8000.0	8050.000000000001	750	400	4
8050.000000000001	8100.0	750	400	4
8100.0	8150.0	750	400	4
8150.0	8200.0	750	400	4
8200.0	8250.0	750	400	4
8250.0	8300.0	750	400	4
8300.0	8350.0	750	400	4
8350.0	8400.0	750	400	4
8400.0	8450.0	750	400	4
8450.0	8500.0	750	400	4
8500.0	8550.0	750	400	4
8550.0	8600.0	750	400	4
8600.0	8650.0	750	400	4
8650.0	8700.0	750	400	4
8700.0	8750.0	750	400	4
8750.0	8800.0	750	400	4
8800.0	8850.0	750	400	4
8850.0	8900.0	750	400	4
8900.0	8950.0	750	400	4
8950.0	9000.0	750	400	4
9000.0	9050.0	750	400	4
9050.0	9100.0	750	400	4
9100.0	9150.0	750	400	4
9150.0	9200.0	750	400	4
9200.0	9250.0	750	400	4
9250.0	9300.0	100	100	3
9300.0	9350.0	100	100	3
9350.0	9400.0	100	100	3
9400.0	9450.0	100	100	3
9450.0	9500.0	200	400	4
9500.0	9550.0	200	400	4
9550.0	9600.0	200	400	4
9600.0	9650.0	200	400	4
9650.0	9700.0	200	400	4
9700.0	9750.0	200	400	4
9750.0	9800.0	200	400	4
9800.0	9850.0	200	400	4
9850.0	9900.0	200	400	4
9900.0	9950.0	200	200	2
9950.0	10000.0	200	200	2
10000.0	10050.0	400	200	2
10050.0	10100.0	400	200	2
10100.0	10150.0	400	200	2
10150.0	10200.0	400	200	2
10200.0	10250.0	400	200	2
10250.0	10300.0	400	200	2
10300.0	10350.0	400	200	2
10350.0	10400.0	400	200	2
10400.0	10450.0	400	350	4
10450.0	10500.0	400	350	4
10500.0	10550.0	400	350	4
10550.0	10600.0	400	350	4
10600.0	10650.0	400	350	4
10650.0	10700.0	400	350	4
10700.0	10750.0	400	350	4
10750.0	10800.0	400	350	4
10800.0	10850.0	400	350	4
10850.0	10900.0	400	350	4
10900.0	10950.0	400	350	4
10950.0	11000.0	400	350	4
11000.0	11050.0	400	500	4
11050.0	11100.0	400	500	4
11100.0	11150.0	400	500	4
11150.0	11200.0	400	500	4
11200.0	11250.0	400	500	4
11250.0	11300.0	400	500	4
11300.0	11350.0	400	500	4
11350.0	11400.0	400	500	4
11400.0	11450.0	400	500	4
11450.0	11500.0	400	500	4
11500.0	11550.0	400	500	4
11550.0	11600.0	400	500	4
11600.0	11650.0	400	500	4
11650.0	11700.0	400	500	4
11700.0	11750.0	400	500	4
11750.0	11800.0	400	500	4
11800.0	11850.0	400	500	4
11850.0	11900.0	400	500	4
11900.0	11950.0	400	500	4
11950.0	12000.0	400	500	4
12000.0	12050.0	400	500	4
12050.0	12100.0	400	500	4
12100.0	12150.0	400	500	4
12150.0	12200.0	400	500	4
12200.0	12250.0	400	500	4
12250.0	12300.0	400	500	4
12300.0	12350.0	400	500	4
12350.0	12400.0	400	500	4
12400.0	12450.0	400	500	4
12450.0	12500.0	400	500	4
12500.0	12550.0	400	500	4
12550.0	12600.0	400	500	4
12600.0	12650.0	400	500	4
12650.0	12700.0	400	500	4
12700.0	12750.0	400	500	4
12750.0	12800.0	400	500	4
12800.0	12850.0	400	500	4
12850.0	12900.0	400	500	4
12900.0	12950.0	400	500	4
12950.0	13000.0	400	500	4
13000.0	13050.0	400	500	4
13050.0	13100.0	400	500	4
13100.0	13150.0	400	500	4
13150.0	13200.0	400	500	4
13200.0	13250.0	400	500	4
13250.0	13300.0	200	200	3
13300.0	13350.0	200	200	3
13350.0	13400.0	200	200	3
13400.0	13450.0	200	200	3
13450.0	13500.0	200	200	3
13500.0	13550.0	200	200	3
13550.0	13600.0	200	200	3
13600.0	13650.0	200	200	3
13650.0	13700.0	200	200	3
13700.0	13750.0	200	200	3
13750.0	13800.0	200	200	3
13800.0	13850.0	400	400	3
13850.0	13900.0	400	400	3
13900.0	13950.0	400	400	3
13950.0	14000.0	400	400	3
14000.0	14050.0	400	400	3
14050.0	14100.0	400	400	3
14100.0	14150.0	400	400	3
14150.0	14200.0	400	400	3
14200.0	14250.0	400	400	3
14250.0	14300.0	400	400	3
14300.0	14350.0	400	400	3
14350.0	14400.0	400	400	3
14400.0	14450.0	400	400	3
14450.0	14500.0	400	400	3
14500.0	14550.0	400	400	3
14550.0	14600.0	400	400	3
14600.0	14650.0	400	400	3
14650.0	14700.0	400	400	3
14700.0	14750.0	400	400	3
14750.0	14800.0	400	400	3
14800.0	14850.0	400	400	3
14850.0	14900.0	400	400	3
14900.0	14950.0	400	400	3
14950.0	15000.0	400	400	3
15000.0	15050.0	400	400	3
15050.0	15100.0	400	400	3
15100.0	15150.0	400	400	3
15150.0	15200.0	400	400	3
15200.0	15250.0	400	400	3
15250.0	15300.0	400	400	3
15300.0	15350.0	400	400	3
15350.0	15400.0	400	400	3
15400.0	15450.0	400	400	3
15450.0	15500.0	400	400	3
15500.0	15550.0	400	400	3
15550.0	15600.0	400	400	3
15600.0	15650.0	400	400	3
15650.0	15700.0	400	400	3
15700.0	15750.0	400	400	3
15750.0	15800.0	400	400	3
15800.0	15850.0	400	400	3
15850.0	15900.0	400	400	3
15900.0	15950.0	400	400	3
15950.0	16000.0	400	400	3
16000.0	16050.0	400	400	3
16050.0	16100.000000000002	400	400	3
16100.000000000002	16149.999999999998	400	400	3
16149.999999999998	16200.0	400	400	3
16200.0	16250.0	400	400	3
16250.0	16300.0	400	400	3
16300.0	16350.000000000002	400	400	3
16350.000000000002	16400.0	400	400	3
16400.0	16450.0	400	400	3
16450.0	16500.0	400	400	3
16500.0	16550.0	400	400	3
16550.0	16600.0	400	400	3
16600.0	16650.0	400	400	3
16650.0	16700.0	400	400	3
16700.0	16750.0	400	400	3
16750.0	16800.0	400	400	3
16800.0	16850.0	400	400	3
16850.0	16900.0	400	400	3
16900.0	16950.0	400	400	3
16950.0	17000.0	400	400	3
17000.0	17050.0	400	400	3
17050.0	17100.0	400	400	3
17100.0	17150.0	400	400	3
17150.0	17200.0	400	400	3
17200.0	17250.0	400	400	3
17250.0	17300.0	400	400	3
17300.0	17350.0	400	400	3
17350.0	17400.0	400	400	3
17400.0	17450.0	400	400	3
17450.0	17500.0	400	400	3
17500.0	17550.0	400	400	3
17550.0	17600.0	400	400	3
17600.0	17650.0	400	400	3
17650.0	17700.0	400	400	3
17700.0	17750.0	400	400	3
17750.0	17800.0	400	400	3
17800.0	17850.0	400	400	3
17850.0	17900.0	400	400	3
17900.0	17950.0	400	400	3
17950.0	18000.0	400	400	3
18000.0	18050.0	400	400	3
18050.0	18100.0	400	400	3
18100.0	18150.0	400	400	3
18150.0	18200.0	200	300	2
18200.0	18250.0	200	300	2
18250.0	18300.0	200	300	2
18300.0	18350.0	200	300	2
18350.0	18400.0	750	500	4
18400.0	18450.0	750	500	4
18450.0	18500.0	750	500	4
18500.0	18550.0	750	500	4
18550.0	18600.0	750	500	4
18600.0	18650.0	750	500	4
18650.0	18700.0	750	500	4
18700.0	18750.0	750	500	4
18750.0	18800.0	750	500	4
18800.0	18850.0	750	500	4
18850.0	18900.0	750	500	4
18900.0	18950.0	750	500	4
18950.0	19000.0	750	500	4
19000.0	19050.0	750	500	4
19050.0	19100.0	750	500	4
19100.0	19150.0	750	500	4
19150.0	19200.0	750	500	4
19200.0	19250.0	750	500	4
19250.0	19300.0	750	500	4
19300.0	19350.0	750	500	4
19350.0	19400.0	750	500	4
19400.0	19450.0	750	500	4
19450.0	19500.0	750	500	4
19500.0	19550.0	750	500	4
19550.0	19600.0	750	500	4
19600.0	19650.0	200	200	3
19650.0	19700.0	200	200	3
19700.0	19750.0	200	200	3
19750.0	19800.0	200	200	3
19800.0	19850.0	750	500	4
19850.0	19900.0	750	500	4
19900.0	19950.0	750	500	4
19950.0	20000.0	750	500	4
20000.0	20050.0	750	500	4
20050.0	20100.0	750	500	4
20100.0	20150.0	750	500	4
20150.0	20200.0	750	500	4
20200.0	20250.0	750	500	4
20250.0	20300.0	750	500	4
20300.0	20350.0	750	500	4
20350.0	20400.0	750	500	4
20400.0	20450.0	750	100	2
20450.0	20500.0	750	100	2
20500.0	20550.0	750	100	2
20550.0	20600.0	750	500	4
20600.0	20650.0	750	500	4
20650.0	20700.0	750	500	4
20700.0	20750.0	750	500	4
20750.0	20800.0	750	500	4
20800.0	20850.0	750	500	4
20850.0	20900.0	750	500	4
20900.0	20950.0	750	500	4
20950.0	21000.0	750	500	4
21000.0	21050.0	750	500	4
21050.0	21100.0	750	500	4
21100.0	21150.0	750	500	4
21150.0	21200.0	750	100	2
21200.0	21250.0	750	100	2
21250.0	21300.0	750	100	2
21300.0	21350.0	750	100	2
21350.0	21400.0	750	100	2
21400.0	21450.0	750	100	2
21450.0	21500.0	750	100	2
21500.0	21550.0	750	100	2
21550.0	21600.0	750	100	2
21600.0	21650.0	750	100	2
21650.0	21700.0	750	100	2
21700.0	21750.0	750	300	2
21750.0	21800.0	750	300	2
21800.0	21850.0	750	300	2
21850.0	21900.0	750	300	2
21900.0	21950.0	750	300	2
21950.0	22000.0	750	300	2
22000.0	22050.0	750	300	2
22050.0	22100.0	750	300	2
22100.0	22150.0	750	100	2
22150.0	22200.0	750	100	2
22200.0	22250.0	750	100	2
22250.0	22300.0	750	100	2
22300.0	22350.0	750	100	2
22350.0	22400.0	750	100	2
22400.0	22450.0	750	100	2
22450.0	22500.0	750	100	2
22500.0	22550.0	750	400	4
22550.0	22600.0	750	400	4
22600.0	22650.0	750	400	4
22650.0	22700.0	750	400	4
22700.0	22750.0	750	400	4
22750.0	22800.0	750	400	4
22800.0	22850.0	750	400	4
22850.0	22900.0	750	400	4
22900.0	22950.0	750	400	4
22950.0	23000.0	750	400	4
23000.0	23050.0	750	400	4
23050.0	23100.0	750	400	4
23100.0	23150.0	750	400	4
23150.0	23219.0	750	400	4
23219.0	23269.0	750	400	4
23269.0	23319.0	750	400	4
23319.0	23369.0	750	400	4
23369.0	23419.0	750	400	4
23419.0	23469.0	750	400	4
23469.0	23519.0	750	400	4
23519.0	23569.0	750	400	4
23569.0	23619.0	750	400	4
23619.0	23669.0	750	400	4
23669.0	23719.0	750	400	4
23719.0	23769.0	750	400	4
23769.0	23819.0	750	400	4
23819.0	23869.0	750	400	4
23869.0	23919.0	750	400	4
23919.0	23969.0	750	200	2
23969.0	24019.0	750	200	2
24019.0	24069.0	750	200	2
24069.0	24119.0	750	200	2
24119.0	24169.0	750	300	2
24169.0	24219.0	750	300	2
24219.0	24269.0	750	300	2
24269.0	24319.0	750	300	2
24319.0	24369.0	750	300	2
24369.0	24419.0	750	300	2
24419.0	24469.0	750	300	2
24469.0	24519.0	750	300	2
24519.0	24569.0	750	300	2
24569.0	24619.0	750	300	2
24619.0	24669.0	750	300	2
24669.0	24719.0	750	300	2
24719.0	24769.0	750	100	2
24769.0	24819.0	750	100	2
24819.0	24869.0	750	100	2
24869.0	24919.0	750	100	2
24919.0	24969.0	750	100	2
24969.0	25019.0	750	100	2
25019.0	25069.0	750	100	2
25069.0	25119.0	750	400	2
25119.0	25169.0	750	400	2
25169.0	25219.0	750	400	2
25219.0	25269.0	750	400	2
25269.0	25319.0	750	400	2
25319.0	25369.0	750	400	2
25369.0	25419.0	750	400	2
25419.0	25469.0	750	400	2
25469.0	25519.0	750	400	2
25519.0	25569.0	750	400	2
25569.0	25619.0	750	400	2
25619.0	25669.0	750	400	2
25669.0	25719.0	750	400	2
25719.0	25769.0	750	400	2
25769.0	25819.0	750	400	2
25819.0	25869.0	750	400	2
25869.0	25919.0	750	400	2
25919.0	25969.0	750	400	2
25969.0	26019.0	750	400	2
26019.0	26069.0	750	400	2
26069.0	26119.0	750	100	2
26119.0	26169.0	750	100	2
26169.0	26219.0	750	100	2
26219.0	26269.0	750	100	2
26269.0	26319.0	750	100	2
26319.0	26369.0	750	100	2
26369.0	26419.0	750	100	2
26419.0	26469.0	750	250	4
26469.0	26519.0	750	250	4
26519.0	26569.0	750	250	4
26569.0	26619.0	750	250	4
26619.0	26669.0	750	250	4
26669.0	26719.0	750	250	4
26719.0	26769.0	750	250	4
26769.0	26819.0	750	250	4
26819.0	26828.0	750	250	4
